TAMANOS
24 35 35

DEMANDAS
62 76 60 43 41 44 25 74 80 61 70 77 30 25 53 78 67 38 67 49 43 49 20 65 46 46 52 25 68 64 49 80 38 49 68

CAP_PLANTAS
192 166 170 134 144 143 122 118 210 164 174 191 177 129 186 128 217 117 140 200 210 214 182 125

CAP_CD
83 174 97 177 176 116 107 86 164 107 175 156 148 107 167 125 90 118 158 92 132 117 126 117 137 83 90 92 87 179 176 166 96 164 81

costosFij
9219 6690 10442 13413 12816 6726 10670 7872 13856 6801 9478 5092 13584 6508 11048 12715 7589 8011 13333 14907 12260 10547 13944 8581 11298 12331 14892 5308 9730 10189 14188 14970 14077 5113 14567

maxCD
19

costosPC
32 32 41 16 25 17 12 11 10 37 31 50 27 39 49 35 12 37 43 20 25 40 40 35 37 45 26 35 35 28 12 31 30 47 32
32 21 50 11 29 27 36 29 33 41 39 44 32 30 21 19 40 10 13 26 31 14 23 32 13 34 18 44 17 43 18 50 25 24 47
26 45 39 21 30 39 12 37 36 16 34 16 48 48 37 38 21 16 18 24 10 50 14 38 34 28 11 22 49 47 44 35 36 46 38
27 14 45 16 41 19 43 40 23 39 22 25 37 11 26 48 35 28 18 44 43 27 34 49 34 14 18 36 50 14 32 30 32 44 17
16 20 16 46 11 40 11 44 41 45 28 41 24 32 31 16 14 31 32 28 35 18 25 43 43 34 18 20 38 22 38 49 20 26 30
34 30 17 36 19 22 14 49 31 21 29 42 31 42 46 10 17 20 26 15 46 33 42 40 37 43 11 33 49 12 35 20 17 33 43
15 14 16 47 41 25 11 21 14 33 38 34 24 16 25 16 29 40 32 44 14 31 35 19 42 19 10 22 42 26 11 33 27 42 38
37 48 50 25 19 30 42 16 29 32 38 34 25 40 49 19 38 11 47 21 12 29 12 10 50 23 31 14 26 48 39 21 46 11 50
23 35 30 11 11 34 33 39 40 41 37 22 23 32 12 29 44 47 46 21 19 34 38 17 29 47 20 20 26 10 12 33 18 14 13
37 19 24 40 31 34 47 23 23 28 41 45 13 27 41 18 43 36 19 11 25 45 37 18 48 24 13 49 26 20 22 43 44 34 35
49 42 44 12 31 10 30 18 45 44 36 39 33 30 12 15 43 14 29 21 31 30 42 42 21 11 22 44 19 29 29 11 33 46 49
37 37 22 46 39 47 45 10 20 41 23 33 17 46 33 49 44 19 43 37 26 43 32 43 36 22 43 37 44 10 38 30 46 26 29
45 39 40 13 12 28 15 44 31 37 36 15 33 41 24 23 40 11 37 48 25 11 40 43 15 31 31 44 22 22 29 32 26 44 50
33 48 41 41 50 39 48 36 43 50 27 38 50 50 36 44 17 36 30 19 19 48 24 16 46 48 34 34 19 35 37 17 38 40 12
29 39 11 11 32 26 35 48 16 33 29 45 28 18 11 28 47 25 18 41 13 25 33 22 22 30 13 19 11 26 20 47 48 19 50
25 35 39 38 28 43 44 30 45 24 17 25 16 20 34 13 29 36 34 45 49 33 30 30 21 14 28 31 36 15 28 15 37 45 29
44 36 15 28 50 18 46 30 45 14 19 21 29 41 30 41 47 16 22 18 31 28 33 28 50 36 30 32 34 30 16 26 46 38 13
13 22 14 46 20 18 44 48 45 42 21 18 20 20 35 26 40 24 39 15 33 33 30 15 30 33 18 23 23 15 47 34 10 19 38
13 25 15 45 40 29 19 46 41 37 22 27 50 29 32 31 47 25 21 30 12 43 45 38 17 48 34 33 10 24 47 20 44 26 13
26 15 42 13 30 39 27 21 44 48 37 29 14 37 16 18 37 12 45 17 17 42 44 20 32 43 41 28 13 44 31 40 30 31 24
40 17 11 20 31 15 20 19 10 33 30 42 40 16 10 42 22 33 19 42 14 41 35 14 21 45 19 37 39 30 46 44 40 36 49
50 26 40 36 24 31 37 12 38 33 40 19 48 34 16 50 21 20 36 41 34 13 49 13 10 41 16 19 30 18 23 16 40 26 32
26 44 15 14 43 23 41 21 15 48 19 11 47 24 14 29 48 49 41 44 42 38 23 36 42 35 35 22 47 44 12 23 32 38 44
15 35 46 44 17 18 20 16 50 31 37 22 19 29 10 26 30 40 11 50 21 16 11 20 44 42 32 35 32 49 30 28 35 50 39

costosCZ
28 43 38 21 47 45 48 47 18 36 47 14 19 22 34 18 22 28 18 48 16 37 25 33 45 13 10 10 50 32 36 31 13 31 41
32 27 11 31 30 31 38 49 32 28 40 24 50 28 27 22 39 24 31 32 23 47 48 23 20 22 39 43 29 31 30 36 33 32 38
39 35 16 36 21 21 30 44 42 41 40 37 42 12 13 28 20 32 42 21 38 42 12 49 38 16 42 25 41 39 20 50 31 15 24
46 34 18 41 13 28 28 15 15 15 27 11 23 38 37 31 20 18 19 14 15 22 40 22 29 29 42 41 46 29 37 27 20 33 20
40 20 24 17 15 38 31 44 38 14 21 16 21 24 15 40 34 29 48 34 16 43 38 50 10 38 47 17 25 14 27 37 47 40 47
39 19 35 19 39 25 48 36 45 35 12 36 48 32 30 17 14 19 19 28 21 22 33 44 25 45 38 30 31 33 12 10 29 47 16
45 22 21 36 20 48 47 45 26 30 15 25 33 28 20 28 16 28 30 15 38 10 15 14 23 17 50 19 14 37 25 22 43 25 11
30 34 11 45 44 45 25 17 11 13 40 42 32 24 37 36 29 16 45 28 21 33 48 27 10 36 39 16 47 24 11 20 13 25 45
26 21 30 25 42 26 10 34 21 31 41 18 16 13 44 24 31 19 44 14 20 29 12 41 15 17 25 34 21 20 19 11 47 14 28
29 35 35 18 45 14 39 25 44 50 15 49 49 29 44 42 16 18 28 47 45 28 34 47 19 41 26 26 37 48 30 45 13 39 40
24 42 43 29 16 22 43 31 42 41 29 44 26 12 15 21 27 46 32 30 50 40 24 14 15 36 17 28 44 40 44 11 29 12 24
18 28 22 25 28 20 46 47 47 12 28 45 16 12 21 17 13 17 45 42 29 14 16 41 21 29 36 13 26 40 21 18 25 32 16
22 26 46 17 48 21 35 10 32 48 11 26 24 40 33 29 15 28 35 41 15 50 18 11 50 18 20 34 29 22 34 39 46 37 15
13 31 18 45 43 21 45 16 15 35 35 48 30 47 45 14 45 36 22 46 36 22 40 46 20 36 47 50 15 28 43 22 49 42 49
31 35 40 46 28 13 37 44 45 37 44 24 31 35 16 21 49 22 42 50 39 18 38 36 22 44 48 26 49 46 30 34 42 15 10
27 28 38 50 16 17 49 49 45 20 44 33 26 40 49 34 12 19 13 19 14 14 36 32 24 15 49 41 46 39 18 22 21 36 44
33 17 17 20 49 31 34 40 46 49 37 44 41 28 18 29 23 14 29 31 27 31 26 37 20 22 39 19 42 49 24 34 25 42 48
47 46 20 38 35 50 30 44 27 39 45 28 18 37 26 29 29 11 33 48 14 24 40 35 16 45 17 41 21 25 40 49 31 29 29
11 24 18 40 20 32 42 32 45 26 15 23 36 16 36 27 36 30 24 33 37 44 10 11 42 30 26 26 47 47 31 50 34 32 46
12 19 40 32 18 11 17 32 47 45 46 23 40 49 12 32 21 25 20 29 17 21 13 48 23 46 49 41 21 12 21 16 44 14 36
20 25 15 20 40 11 38 14 28 40 21 33 15 45 16 20 11 28 31 14 16 13 13 49 12 39 23 49 25 11 33 48 47 25 21
43 28 24 37 12 17 30 12 27 19 19 41 10 12 25 32 21 16 23 36 43 49 16 32 27 34 26 34 32 35 29 21 11 45 34
14 23 47 20 20 38 39 15 48 44 34 18 46 37 45 15 28 19 46 24 21 39 24 15 50 13 48 26 22 39 26 45 29 20 31
35 46 40 25 24 21 50 41 22 33 10 21 49 48 36 26 41 20 17 46 47 40 47 22 25 43 35 13 12 49 20 34 10 33 46
43 17 10 38 32 35 29 36 12 15 27 41 19 30 27 36 48 48 21 26 47 22 38 30 44 17 46 36 13 15 27 44 49 17 42
39 44 39 22 18 21 50 30 25 40 10 30 11 47 39 24 28 41 33 23 14 49 50 28 50 41 46 40 33 41 37 18 27 25 36
41 21 13 47 30 18 23 37 40 40 10 22 12 42 37 15 15 41 19 21 49 22 48 33 30 33 12 14 46 30 16 20 42 36 14
35 26 42 38 27 21 46 18 44 13 11 46 16 29 17 42 14 17 28 12 10 22 32 50 44 43 48 32 33 44 36 25 22 29 20
38 14 19 32 48 12 35 13 42 15 13 45 42 21 16 10 36 43 26 35 36 45 42 18 41 40 23 21 10 11 22 12 20 10 17
25 37 44 39 43 14 30 46 37 20 50 25 49 40 29 33 18 40 30 38 37 17 35 50 45 22 41 38 26 23 16 20 10 46 50
27 16 11 33 48 19 10 46 14 49 31 23 35 50 50 16 23 44 21 31 50 37 21 45 34 20 38 18 45 45 30 27 16 42 50
26 20 42 16 11 44 31 12 42 45 19 14 43 28 11 43 32 38 31 31 16 46 14 37 29 39 29 22 32 29 43 44 43 36 27
18 21 22 28 12 29 15 34 38 48 42 31 24 41 40 48 11 47 43 12 16 21 40 11 40 29 16 20 24 33 24 46 16 47 47
34 30 23 10 50 26 24 47 50 38 29 12 23 14 48 10 16 32 23 16 35 30 36 48 41 11 44 36 13 42 17 47 37 21 46
39 37 41 48 30 49 38 16 43 47 41 30 10 48 26 34 32 48 39 19 24 21 21 20 27 44 26 44 48 18 45 42 18 25 21
