TAMANOS
24 27 44

DEMANDAS
55 44 38 55 21 62 32 33 59 63 36 36 49 38 70 44 23 65 46 74 26 46 74 44 40 78 65 44 50 56 23 37 79 53 65 33 52 27 51 34 42 64 40 60

CAP_PLANTAS
219 212 164 139 161 215 144 227 173 198 198 221 226 139 201 218 176 188 170 171 139 140 230 142

CAP_CD
215 207 151 128 119 136 162 175 191 213 198 144 172 184 144 165 209 127 213 198 198 119 195 202 196 143 136

costosFij
11417 5300 12904 6455 14109 8438 12874 14193 5839 9255 8917 9899 8674 7705 13637 7413 5875 5855 8166 11266 7157 11795 13288 10868 14785 9104 14372

maxCD
19

costosPC
45 24 45 42 26 34 48 26 37 40 48 34 21 35 31 48 17 34 39 18 15 48 10 46 17 24 24
24 41 18 30 38 24 17 34 34 12 23 23 31 44 41 50 15 13 42 38 37 17 44 26 16 25 19
14 18 18 37 32 46 45 26 33 22 46 10 48 46 22 32 19 43 38 36 48 15 21 33 26 34 30
20 19 21 26 36 39 23 28 11 34 43 11 49 14 46 33 39 27 28 19 19 11 11 18 41 45 29
31 29 34 26 22 19 47 24 44 34 19 24 38 12 46 24 35 39 26 25 17 21 15 31 18 34 35
20 27 23 16 19 27 30 20 42 11 50 10 14 32 35 48 15 31 11 14 31 21 43 44 38 47 22
47 27 41 33 26 12 46 42 45 17 27 34 42 15 24 17 36 28 27 40 16 32 46 23 12 44 24
20 19 36 40 25 26 43 34 33 39 46 25 43 39 17 32 31 14 10 19 12 25 42 26 13 38 32
27 35 42 16 12 25 45 40 44 38 24 48 38 21 17 50 15 10 48 23 38 44 19 27 10 23 40
48 26 17 32 10 12 18 48 35 32 20 38 25 37 47 38 30 16 32 33 23 10 30 11 39 50 48
41 43 10 22 30 32 44 44 18 17 40 38 35 42 12 12 47 45 24 36 39 32 44 26 12 16 15
26 21 30 14 25 19 48 31 13 18 32 39 25 18 27 10 17 36 31 33 20 10 31 12 45 30 34
41 29 20 43 21 12 27 21 21 23 19 43 18 13 14 37 37 30 15 34 26 23 35 43 49 38 19
23 36 21 40 50 43 11 44 10 20 30 46 15 17 43 16 29 19 17 32 47 14 27 32 50 33 36
46 36 33 45 38 20 36 34 23 18 34 33 32 17 25 34 18 39 48 36 37 12 18 38 41 27 38
39 27 33 19 36 18 41 45 36 22 34 10 27 23 49 36 11 40 45 24 38 13 44 17 26 46 27
43 47 25 14 41 38 33 36 39 29 37 19 24 28 25 31 17 48 46 40 44 37 30 47 21 17 35
38 33 48 25 47 11 29 24 48 50 29 33 46 42 26 45 21 37 19 39 42 16 32 31 24 17 15
42 31 47 12 17 41 27 25 49 20 18 18 17 46 24 39 49 27 11 46 11 11 35 46 43 45 49
40 34 38 14 38 36 23 40 39 18 15 47 41 39 11 22 13 25 15 30 12 11 13 12 31 47 34
45 47 33 32 27 33 31 49 27 46 16 41 37 22 12 44 26 19 30 29 23 23 15 14 23 25 39
24 41 12 28 28 28 30 40 20 41 44 27 12 44 26 24 48 27 48 24 39 29 21 43 31 23 36
38 20 18 37 13 19 43 49 45 28 48 35 12 36 15 42 47 44 11 18 42 50 40 24 37 30 22
40 43 30 39 24 21 25 24 41 11 26 49 21 42 48 14 50 39 42 39 22 34 39 14 49 36 33

costosCZ
29 37 20 44 15 21 48 17 25 10 47 40 38 12 28 50 31 43 42 13 26 19 41 33 15 32 40 18 49 45 14 27 34 11 34 20 33 19 39 31 17 42 31 13
14 24 33 39 18 20 34 19 10 35 27 27 26 32 32 13 38 33 34 25 40 17 22 10 22 38 43 34 26 17 16 43 44 30 22 20 21 11 11 34 41 38 44 11
11 29 34 49 37 28 27 50 47 23 36 41 35 39 35 28 48 31 21 19 19 22 42 38 32 41 39 27 42 34 11 23 37 32 15 15 12 17 43 22 35 20 47 10
42 18 14 44 11 10 19 24 21 48 22 30 39 26 17 40 29 13 50 44 47 43 33 23 46 32 44 48 37 39 27 18 46 27 40 11 29 23 32 12 28 17 24 49
47 20 48 41 36 45 37 48 47 33 18 36 50 48 42 23 17 33 24 31 36 38 50 14 48 31 14 14 21 20 12 49 37 18 24 35 25 25 32 19 36 30 18 43
41 40 15 10 18 12 36 19 25 11 13 14 35 50 47 10 45 43 19 42 19 42 37 27 38 29 24 14 18 45 44 29 14 29 18 21 50 44 39 17 14 14 32 11
17 39 17 50 28 17 48 12 32 22 14 37 18 35 21 16 44 46 21 17 45 34 18 29 17 48 44 45 36 11 26 29 49 39 46 47 44 43 35 33 41 41 16 12
41 17 22 19 14 46 43 37 45 16 14 26 34 41 34 37 25 29 24 15 29 34 40 35 29 46 46 12 40 28 43 14 28 50 40 44 16 42 44 35 37 36 46 31
25 27 31 15 21 17 30 38 49 13 14 18 22 33 34 11 39 12 22 24 26 21 30 20 21 14 50 49 30 36 12 14 46 46 18 34 20 13 16 47 50 30 10 21
33 20 41 44 15 39 39 18 44 39 43 32 21 10 42 20 49 40 45 15 19 50 13 33 32 13 16 39 36 28 45 16 27 47 38 13 42 46 30 30 38 24 48 29
35 45 13 34 15 18 45 11 35 23 29 40 36 27 27 13 30 47 36 17 39 46 22 50 18 18 20 14 39 29 19 23 34 33 47 35 40 25 45 13 40 38 26 49
41 13 46 27 20 20 15 22 18 16 19 33 45 38 36 27 46 16 44 35 16 37 40 23 12 35 36 41 24 39 36 50 25 32 38 28 25 37 32 48 40 37 33 27
12 11 12 33 23 23 26 37 18 43 34 30 13 48 43 45 29 23 25 29 41 10 23 16 48 34 18 26 47 37 40 29 17 22 31 42 38 15 30 48 14 25 27 14
45 19 25 19 18 44 19 35 50 43 20 12 49 32 31 11 46 48 47 14 36 24 29 44 26 14 36 34 29 21 14 19 46 24 25 14 35 43 43 17 22 23 23 17
13 50 50 44 24 30 20 10 10 11 10 31 42 26 13 19 28 23 45 47 19 34 38 38 46 20 49 46 45 40 21 33 48 15 11 15 26 32 45 50 19 27 19 28
26 14 41 13 19 26 50 50 20 22 31 45 10 24 25 15 35 34 24 23 33 39 33 17 18 16 38 19 27 39 30 22 21 49 30 14 12 31 27 33 42 30 46 28
20 16 18 25 46 43 24 33 31 23 48 31 44 47 31 31 42 35 32 27 17 12 25 36 23 31 29 24 41 35 28 35 12 15 40 34 31 50 34 32 44 21 38 12
29 25 49 18 50 49 39 35 25 21 24 36 48 20 41 49 24 32 44 13 48 25 42 10 44 43 34 40 45 31 48 15 24 16 47 43 40 15 34 29 15 16 11 16
15 44 47 38 30 38 45 50 23 42 41 13 12 24 25 43 29 34 27 43 30 47 15 15 12 14 16 21 21 31 25 32 43 16 23 33 31 47 25 43 10 16 22 16
23 47 45 28 13 36 48 32 12 13 44 19 20 10 28 31 21 33 17 50 23 27 45 24 50 24 14 28 30 46 11 39 13 20 26 12 34 13 10 50 16 14 48 23
14 33 34 17 35 19 30 29 17 36 48 10 20 13 24 34 17 35 31 20 42 40 34 40 25 16 33 45 47 40 39 12 35 43 13 40 40 25 26 33 46 17 26 33
25 20 28 22 32 22 21 41 49 22 14 11 17 11 23 35 34 48 14 19 43 44 33 38 35 20 25 11 12 18 35 17 40 22 22 33 48 33 34 37 37 33 31 16
40 18 18 25 12 47 25 25 34 39 19 42 38 49 49 26 36 47 46 33 32 49 20 17 45 17 23 15 30 17 32 29 31 44 20 26 40 40 28 25 22 23 42 10
19 11 13 26 48 27 18 23 30 12 47 15 36 41 30 31 20 45 34 17 40 39 15 44 28 31 20 41 21 20 37 35 35 17 34 33 34 41 33 35 24 14 34 15
44 25 22 46 13 48 46 36 16 23 20 14 11 50 44 16 33 20 15 12 37 28 42 23 27 43 44 49 36 22 45 20 45 27 43 12 48 50 47 34 44 34 11 31
37 13 13 45 45 40 15 13 17 49 20 22 38 29 23 29 43 49 22 13 25 18 48 35 34 41 43 19 39 42 42 10 14 44 47 30 36 24 26 33 13 28 13 24
18 30 45 42 45 19 25 26 44 21 11 14 15 28 38 20 17 21 13 45 28 18 44 15 30 16 27 49 28 44 29 48 48 40 10 32 44 38 27 24 17 40 39 48
