TAMANOS
35 35 38

DEMANDAS
69 64 22 79 68 53 58 52 80 23 75 49 26 23 22 67 32 79 53 26 71 28 64 44 80 79 70 29 44 68 46 76 49 55 29 79 50 47

CAP_PLANTAS
176 112 112 94 148 165 178 166 173 174 110 95 133 96 180 118 139 180 186 144 89 185 175 171 104 157 177 139 112 101 177 94 133 137 168

CAP_CD
86 158 103 113 95 119 140 88 106 126 136 122 129 125 132 92 125 170 160 182 170 88 143 113 165 169 113 86 147 166 162 111 114 124 105

costosFij
14471 12152 13657 9736 13318 5339 10893 10104 11701 9136 7384 12985 10608 9751 6265 7644 10291 10576 8192 13604 14367 14236 9952 10713 10824 9098 13941 8191 10864 8701 8007 14675 12867 10389 10721

maxCD
6

costosPC
10 13 19 47 23 13 27 46 20 16 15 40 49 21 50 33 47 19 22 37 12 46 44 42 50 30 42 46 30 13 25 36 49 23 47
17 36 33 12 28 18 11 42 20 14 24 33 38 45 28 15 32 49 31 40 11 43 37 48 22 39 10 38 30 40 26 16 37 26 21
11 14 12 27 16 25 34 32 14 10 13 49 28 27 40 33 45 33 11 14 40 45 33 30 33 18 10 10 11 48 47 42 36 38 47
21 24 22 18 23 44 43 38 32 18 34 28 23 14 29 27 21 40 24 37 31 12 47 11 21 21 31 40 24 46 27 33 45 33 13
46 50 12 19 33 27 33 32 10 23 43 37 16 27 21 38 33 18 50 19 11 17 26 33 31 39 22 48 29 10 19 33 13 20 47
19 13 17 24 26 16 49 20 28 11 10 15 23 24 38 15 49 13 33 49 48 30 12 13 14 44 22 31 26 15 39 26 19 50 48
16 17 42 34 39 12 42 14 48 21 28 29 39 48 31 46 33 46 47 29 36 42 43 40 27 32 22 38 34 19 45 43 44 21 45
45 34 21 25 23 48 38 13 28 28 49 11 40 41 40 50 19 45 26 44 16 22 27 28 33 13 50 37 21 36 28 49 39 35 31
45 18 48 37 46 26 43 41 22 31 29 46 24 22 13 11 50 16 49 38 29 39 24 31 36 36 19 35 10 43 20 10 42 39 14
32 32 26 39 40 34 45 25 25 46 11 49 40 27 37 34 49 43 20 17 11 23 35 15 10 39 27 15 11 30 13 38 41 12 33
12 41 19 36 50 45 36 13 33 14 50 38 16 12 22 47 10 35 35 11 35 14 48 18 15 31 43 11 13 25 19 39 23 12 41
29 21 23 21 15 37 24 21 34 35 35 33 40 29 46 14 40 33 48 32 17 41 10 21 31 20 20 10 10 49 42 47 20 32 49
14 43 18 30 18 14 18 39 11 46 11 19 44 24 29 29 32 23 27 22 30 49 19 19 50 34 23 16 43 14 25 42 38 22 34
15 28 42 39 41 12 45 49 36 13 40 31 21 42 47 20 46 50 41 40 49 20 50 37 13 34 30 39 15 45 41 31 41 11 11
15 17 31 12 32 26 27 45 38 50 10 29 16 31 24 31 19 33 49 38 27 49 32 22 39 12 28 11 17 38 39 32 12 30 47
41 47 50 22 24 41 17 33 36 35 25 38 13 39 50 22 28 24 26 23 30 11 34 43 32 35 24 14 19 41 30 27 11 30 46
34 50 28 21 23 23 45 15 20 36 38 16 30 38 28 39 31 43 47 36 21 12 13 16 34 44 24 13 42 30 12 19 17 30 48
11 43 46 37 46 37 42 25 37 31 19 43 11 43 14 32 31 29 37 22 33 29 28 47 26 33 17 39 42 17 49 47 39 25 33
39 29 23 21 38 25 45 23 44 28 15 19 10 44 46 32 46 13 31 29 31 45 48 38 25 30 26 14 36 23 28 50 19 16 41
20 10 19 43 49 45 34 40 36 14 24 37 34 40 12 16 23 42 16 24 36 47 19 11 36 18 10 27 26 25 11 50 43 33 30
25 15 16 48 22 28 10 39 22 25 13 24 45 15 41 44 44 48 49 47 15 33 50 32 31 44 31 20 18 34 48 47 14 20 16
45 27 21 16 16 27 48 22 44 35 22 24 12 25 46 50 24 31 22 46 24 21 50 37 12 44 37 30 47 31 48 49 23 12 32
17 14 17 37 39 16 19 38 21 46 20 10 44 20 18 37 28 14 37 13 33 49 42 43 50 45 31 18 12 43 19 40 25 36 30
50 47 48 41 49 10 31 19 14 34 13 42 48 32 14 41 38 43 10 50 26 43 10 35 27 13 22 10 39 40 28 41 31 38 25
47 20 30 18 17 28 43 34 49 36 20 16 49 39 19 48 26 46 39 19 22 23 39 32 19 29 25 23 36 17 21 35 43 18 17
28 33 41 34 12 15 44 39 46 41 45 24 33 13 45 20 34 48 14 15 26 21 33 43 18 45 42 28 25 45 28 25 19 33 29
39 46 22 38 25 47 14 32 48 46 47 47 50 28 39 18 31 32 45 48 25 22 32 46 20 22 32 30 37 46 33 47 44 29 20
44 41 39 12 33 50 43 11 14 43 29 12 10 46 31 44 37 44 22 26 24 38 19 24 22 10 32 43 44 36 42 36 13 41 44
15 30 40 43 34 48 50 12 19 45 31 42 48 18 18 24 44 27 46 21 24 12 29 28 29 31 48 21 36 17 34 39 34 45 44
48 37 19 37 15 45 38 35 34 14 49 35 18 15 33 40 49 13 20 14 28 43 37 37 23 12 32 30 42 13 46 22 39 32 31
28 12 32 18 34 50 43 14 45 21 25 12 40 35 35 30 32 20 18 36 28 27 26 50 13 22 18 47 34 39 31 37 35 37 20
47 22 16 46 50 40 19 33 35 18 46 49 33 38 12 38 17 40 27 37 35 30 38 15 27 19 19 32 11 22 43 18 30 39 50
25 12 21 11 41 29 11 39 44 35 29 24 47 23 39 14 15 25 31 17 11 42 19 50 23 49 30 15 16 13 24 24 26 18 29
27 24 30 24 48 27 41 22 16 34 41 15 43 19 18 43 50 21 12 16 48 38 16 20 25 47 33 45 20 10 45 50 18 39 32
27 45 42 30 34 39 31 24 35 36 29 33 46 16 27 11 13 15 49 35 35 50 22 25 45 39 47 17 30 26 11 24 31 24 44

costosCZ
13 48 28 29 28 34 30 23 34 29 33 14 44 32 32 11 33 14 34 45 16 12 11 35 42 34 13 18 20 16 50 14 17 14 19 45 46 41
37 30 48 40 24 10 22 28 21 22 36 39 43 44 23 48 29 22 42 14 36 28 48 19 33 50 15 48 45 21 12 36 36 47 29 48 27 34
19 32 43 31 29 39 39 47 26 18 35 42 16 26 17 12 12 13 30 16 23 19 37 17 46 17 21 28 23 46 23 30 35 25 37 22 18 28
46 21 34 14 18 31 35 38 50 42 31 26 31 13 39 26 32 23 18 29 25 38 10 14 31 20 12 27 41 35 45 21 44 29 11 48 26 24
22 38 14 36 28 48 50 31 23 24 12 27 37 35 48 35 32 17 31 47 11 32 33 14 14 14 49 15 39 43 17 47 47 35 20 35 31 26
15 26 50 40 17 24 28 35 44 48 12 22 26 36 23 34 39 37 36 39 19 49 28 45 43 27 18 11 21 12 48 31 36 18 12 10 39 18
12 15 13 39 35 40 39 37 28 46 22 23 18 19 23 17 50 27 49 48 37 32 10 50 47 10 50 19 21 11 23 50 19 33 11 45 34 41
18 31 39 13 14 45 13 37 23 27 33 29 41 35 35 43 50 34 13 40 13 10 26 29 22 34 17 37 22 10 31 22 40 43 34 13 34 48
41 34 31 24 23 49 25 13 43 27 43 50 46 39 32 50 44 13 49 44 42 22 29 31 13 38 45 20 11 23 12 12 21 32 43 44 33 44
32 46 21 42 35 39 33 46 47 38 49 47 19 21 20 12 15 32 13 17 20 41 25 36 12 22 39 17 28 32 21 13 44 36 28 30 26 15
42 31 46 27 33 27 33 33 24 17 28 43 24 47 39 19 50 37 10 26 37 11 46 39 31 48 37 47 37 49 12 25 25 19 19 25 21 10
37 32 34 10 28 17 42 24 42 25 48 43 38 15 41 50 14 44 43 19 25 10 13 26 11 40 28 21 19 17 21 30 12 39 22 39 16 25
24 34 41 32 50 19 22 48 39 44 24 39 22 48 43 10 11 11 49 10 46 14 47 36 37 32 16 27 49 30 48 35 38 30 29 42 16 35
24 20 15 38 50 31 46 24 40 29 11 24 15 15 49 15 24 20 26 48 41 28 41 18 44 31 23 23 15 31 12 16 33 48 29 28 50 18
14 15 17 15 22 17 46 43 17 47 31 18 19 41 34 45 43 48 20 24 47 40 44 11 50 38 44 13 38 37 19 22 25 23 21 17 43 33
11 44 31 40 29 31 30 35 28 39 44 46 13 19 17 16 46 13 16 44 42 31 31 36 14 45 45 21 36 17 49 42 30 29 16 15 44 23
29 17 12 26 49 20 45 29 43 17 12 27 41 43 45 25 27 22 12 13 33 29 47 21 39 15 40 32 32 38 49 47 49 13 20 40 23 12
46 44 23 16 31 46 30 30 37 31 46 37 40 49 29 42 29 23 32 37 27 45 22 47 23 45 20 41 26 34 40 22 47 38 39 45 27 42
45 33 34 27 25 44 22 45 46 39 50 31 37 27 15 13 10 13 41 42 47 15 32 39 37 25 49 22 17 42 28 13 31 21 41 40 36 35
42 11 29 14 28 19 17 17 47 49 38 35 30 48 12 45 42 46 31 12 37 40 29 25 12 30 30 16 40 50 17 39 33 28 50 37 42 23
23 47 39 26 40 24 45 22 50 31 33 47 25 30 38 33 32 14 49 38 19 10 26 20 15 26 45 20 47 31 39 45 15 50 12 23 34 35
33 27 45 49 38 38 35 42 26 38 37 16 35 50 37 19 25 36 27 18 15 19 26 39 26 47 21 12 10 50 33 16 49 13 22 23 43 47
48 23 21 37 35 17 29 48 33 25 16 21 35 33 47 43 49 28 31 33 47 33 14 29 23 16 26 21 28 47 43 12 41 15 33 24 16 28
34 40 16 19 16 22 47 19 35 37 22 12 26 34 22 37 39 39 35 18 41 21 12 41 32 26 31 46 25 17 39 38 31 35 10 25 23 31
13 44 46 16 47 47 12 34 41 44 13 11 26 33 33 18 30 20 35 33 19 18 43 41 50 21 18 14 50 49 19 11 31 45 45 11 12 10
18 29 28 15 13 36 38 35 37 18 34 29 38 45 36 11 19 24 39 41 50 35 40 42 14 15 49 18 43 35 41 18 45 11 16 41 18 29
10 21 21 34 46 22 22 31 29 14 43 41 43 50 25 11 22 34 29 17 37 43 14 42 36 44 25 38 29 20 24 43 12 24 12 50 31 22
41 10 48 16 43 36 39 22 47 40 11 10 28 21 36 22 47 29 19 43 37 15 17 45 10 25 41 24 42 18 42 25 20 28 38 13 27 34
25 36 36 38 11 28 14 40 40 43 24 14 23 35 41 18 24 47 34 18 42 23 49 27 14 10 17 23 25 47 15 46 39 32 29 37 38 29
22 39 41 12 48 27 21 23 43 45 48 11 38 23 19 35 25 28 29 40 22 11 33 30 16 31 38 28 47 31 42 35 35 26 14 33 25 39
31 29 34 39 38 26 24 27 12 15 12 28 45 17 48 50 15 42 41 48 38 24 39 21 36 36 21 22 37 34 25 11 46 23 46 15 47 18
40 39 46 25 27 26 32 33 24 12 36 47 19 44 10 31 29 44 19 44 38 14 48 33 21 39 37 37 38 35 15 13 14 26 38 14 44 28
20 10 24 42 44 18 13 27 47 41 48 48 36 32 19 20 41 10 18 31 35 44 27 47 33 38 14 19 44 15 24 14 21 22 34 24 45 13
25 24 41 36 36 18 38 13 18 41 22 30 18 30 30 36 30 11 21 11 39 49 38 15 12 12 48 14 18 19 24 42 46 46 37 33 28 24
42 39 45 19 39 11 35 47 39 37 50 33 25 16 17 12 18 10 41 48 34 24 22 21 37 12 40 34 27 12 44 20 24 37 49 48 19 21
