TAMANOS
34 26 44

DEMANDAS
69 72 29 50 78 76 57 42 36 54 26 48 41 68 36 58 73 26 76 52 75 75 74 64 41 40 70 48 54 53 46 46 20 27 52 44 76 66 43 71 44 58 71 56

CAP_PLANTAS
128 139 108 116 197 106 188 119 147 113 177 131 147 165 176 166 194 170 137 138 132 183 118 196 126 151 195 116 178 162 118 174 169 133

CAP_CD
175 176 186 161 192 229 147 205 179 137 195 192 203 197 177 234 196 190 228 204 152 232 171 228 183 169

costosFij
8891 5669 9355 7285 12378 13515 14744 5461 5496 7493 14040 5610 5897 10343 6602 8771 6054 13030 12259 12408 6859 10526 8652 10524 9633 6648

maxCD
23

costosPC
24 11 22 37 48 24 11 33 18 16 33 20 45 46 35 19 39 48 38 37 16 24 44 23 23 12
18 33 21 48 26 37 29 31 16 36 40 40 46 49 48 34 31 43 22 34 41 32 14 35 35 25
47 17 16 17 22 50 38 50 31 42 39 15 27 22 26 13 32 23 17 40 12 13 19 26 17 39
35 30 47 17 35 37 32 27 10 14 27 11 16 24 41 13 11 10 39 40 44 20 28 14 50 21
12 16 31 41 37 47 42 40 15 48 35 49 46 22 44 46 21 46 26 43 32 25 46 41 11 32
18 27 49 37 10 24 17 50 10 43 47 43 29 19 41 28 34 41 46 36 46 33 21 29 24 10
14 14 45 30 37 23 17 41 16 10 10 45 24 35 31 28 15 31 24 36 17 20 48 23 32 43
25 38 41 11 49 22 18 29 13 17 38 22 27 38 31 11 30 43 30 45 18 27 48 12 43 29
26 27 24 44 15 30 38 14 11 27 45 25 47 14 17 39 13 16 26 30 12 25 35 37 11 46
49 43 25 32 47 13 47 46 13 46 27 25 10 43 31 26 10 11 37 33 19 20 12 13 14 42
47 44 46 32 43 15 38 47 42 25 10 20 49 18 38 32 29 36 18 37 32 18 29 10 19 34
12 37 13 34 32 40 44 22 48 10 10 16 27 18 38 26 50 44 11 29 39 44 29 12 33 49
17 45 16 12 23 26 21 26 44 43 23 40 22 28 31 17 33 16 23 12 37 18 44 29 24 10
45 22 29 20 39 38 41 47 43 26 49 32 40 49 27 35 49 12 12 47 15 34 10 14 18 31
19 48 40 40 17 49 12 47 49 20 33 45 24 12 34 13 38 31 49 17 30 47 37 37 14 47
31 48 10 41 36 40 42 44 36 31 16 44 37 32 26 10 35 32 37 25 23 41 50 24 43 39
43 28 11 45 13 48 37 20 31 11 16 46 39 40 16 27 50 32 16 43 44 36 12 32 36 17
27 23 28 15 27 47 41 42 20 40 32 36 47 30 39 14 20 34 48 22 35 29 50 50 26 12
36 37 45 20 12 44 48 40 35 23 27 27 22 15 50 16 14 11 34 16 38 26 29 26 18 47
42 32 33 35 42 23 50 46 47 48 27 24 36 28 24 10 29 48 40 30 12 46 25 39 35 33
31 45 35 25 34 24 50 21 47 42 33 18 23 13 46 45 45 10 45 32 27 48 44 25 13 12
17 10 15 24 26 40 30 25 29 25 14 29 39 39 13 36 24 35 34 32 24 24 26 22 11 25
33 23 38 14 16 35 25 15 25 45 49 32 34 18 28 25 23 15 12 36 16 16 16 48 17 40
38 40 43 41 10 10 14 38 13 38 47 28 14 12 15 27 22 13 12 43 12 30 44 24 17 31
11 37 30 14 10 19 15 24 31 12 50 39 11 15 15 37 33 13 41 14 49 30 38 48 29 48
43 48 14 43 27 34 37 23 40 17 16 42 50 50 28 15 17 47 27 36 17 46 13 13 21 14
17 29 43 41 19 30 28 32 17 28 37 45 36 28 40 25 17 37 31 47 38 17 18 27 42 36
44 36 42 18 16 33 40 39 42 16 12 50 14 11 24 21 32 16 50 37 13 21 15 35 32 24
10 42 35 14 38 12 39 33 37 14 14 28 30 20 20 38 27 44 33 47 33 11 50 19 41 49
17 44 41 32 18 39 27 45 27 15 31 29 13 21 45 45 16 40 11 28 31 33 15 32 17 43
19 30 14 34 18 25 28 36 46 33 19 29 32 15 42 32 39 30 31 42 50 39 46 19 18 17
26 25 13 18 47 25 29 23 18 46 43 34 30 35 38 18 38 16 12 42 10 30 24 26 33 32
11 37 33 10 42 47 17 15 32 19 30 14 11 48 41 37 49 10 22 41 26 11 33 14 32 28
10 17 49 50 49 40 50 36 38 36 46 23 11 16 50 23 43 44 25 24 24 25 13 34 40 21

costosCZ
25 27 45 37 40 42 23 15 15 35 34 37 23 11 27 26 20 24 12 15 13 26 39 15 37 41 48 49 46 49 42 46 38 11 30 27 28 16 41 39 18 18 45 29
43 45 21 10 35 15 31 28 31 33 17 18 14 44 17 40 29 13 46 39 15 16 44 17 11 47 39 24 21 50 50 12 43 46 11 29 50 29 39 11 37 36 13 49
14 49 37 29 41 47 21 16 28 26 16 48 44 46 19 42 35 18 23 50 46 28 35 18 25 11 30 40 22 39 25 24 23 10 40 29 39 49 16 24 22 15 26 12
20 19 26 12 49 43 14 43 13 33 18 34 39 38 29 34 18 48 46 29 10 30 39 31 27 12 48 45 46 41 15 43 29 40 28 28 11 50 50 44 25 43 37 35
47 46 21 37 49 16 47 30 45 38 24 26 49 17 29 48 29 16 48 42 36 35 19 29 45 13 23 44 46 39 41 49 42 41 19 15 20 41 30 43 26 25 32 39
39 43 14 31 50 13 26 44 12 20 40 48 15 29 23 32 10 44 39 42 45 29 27 10 45 47 42 32 18 24 12 37 24 21 11 28 43 25 31 44 45 23 17 31
31 23 42 50 50 34 18 13 33 25 45 14 15 18 42 39 30 27 26 39 22 28 21 28 26 48 37 43 22 27 44 31 12 36 39 27 12 25 33 38 49 49 29 18
32 14 23 13 44 18 15 32 36 17 42 22 48 10 25 47 48 13 44 36 18 11 25 41 45 24 13 39 17 12 10 13 46 14 48 47 11 48 10 18 25 50 17 40
47 16 10 19 30 13 14 10 28 46 39 14 30 45 11 46 10 42 41 49 43 46 47 38 13 15 33 26 42 40 31 38 32 30 17 39 37 49 46 22 25 45 44 17
40 12 20 50 25 34 20 33 48 21 12 38 48 31 23 29 20 37 14 40 21 29 46 23 22 29 40 22 25 26 43 17 23 22 11 28 12 43 40 28 29 25 33 27
19 43 20 24 30 16 46 48 23 22 20 17 44 32 48 27 32 10 28 50 39 10 27 31 41 41 38 11 48 36 33 50 28 34 21 17 42 30 43 43 12 35 45 22
32 46 45 43 48 27 36 30 15 23 22 23 26 35 50 19 20 48 29 44 45 33 42 15 50 29 16 42 45 44 30 22 39 17 21 24 26 17 21 29 42 16 41 30
25 45 28 27 43 10 40 49 49 33 31 39 25 24 10 42 11 36 29 21 45 42 20 45 38 50 21 30 48 11 46 38 10 21 31 16 15 25 29 32 45 27 34 22
22 27 35 25 37 16 10 12 16 33 49 29 23 42 30 14 15 33 17 35 43 36 20 34 13 39 26 33 28 30 34 14 26 42 33 28 14 11 41 31 37 50 17 20
28 30 34 29 41 28 24 15 25 27 44 39 19 49 37 25 46 46 50 47 42 45 25 18 42 42 25 40 12 40 31 32 42 47 19 37 48 27 25 19 23 38 17 43
27 33 27 43 29 30 49 11 37 35 15 45 47 45 21 19 50 20 18 32 16 10 22 11 24 20 31 46 42 41 28 23 26 28 34 43 48 21 22 16 13 10 15 12
20 10 23 24 23 47 45 18 14 43 43 24 37 10 23 12 50 35 26 40 41 25 37 38 27 26 27 36 14 39 37 34 30 48 10 38 46 20 40 36 37 15 16 13
28 17 24 46 43 27 29 31 42 14 46 32 43 29 18 34 27 45 43 42 24 46 47 14 32 27 38 39 27 17 11 41 15 43 43 24 35 30 13 39 13 50 42 34
23 17 30 20 12 44 37 46 20 11 36 42 21 31 26 23 28 27 50 23 47 20 25 38 36 24 43 44 20 22 42 11 27 15 31 23 43 24 13 15 46 28 45 27
39 39 14 25 15 48 45 23 39 43 24 12 15 38 50 38 20 27 16 41 14 26 26 17 12 29 34 33 11 11 18 13 16 35 24 35 13 13 22 43 11 23 15 25
28 45 14 30 12 29 13 49 39 15 13 30 12 12 27 13 16 22 43 31 31 10 25 21 11 22 28 19 27 40 14 30 23 14 40 12 50 16 43 18 32 33 15 38
29 49 18 34 24 10 10 27 39 42 47 21 32 10 12 16 22 49 18 43 10 36 17 16 41 13 15 24 16 33 11 13 45 40 15 11 14 16 32 32 48 49 35 36
25 36 28 29 11 37 17 21 26 13 20 27 13 25 13 22 25 15 34 30 22 21 19 18 18 45 14 40 28 47 29 11 28 34 48 36 40 20 36 30 25 34 32 16
10 13 49 24 17 10 29 35 45 16 34 20 23 36 46 45 32 33 13 25 28 32 43 12 20 46 38 41 40 39 19 11 14 31 16 31 28 28 37 14 41 29 14 13
22 20 25 24 39 48 23 18 18 22 39 47 23 41 25 39 39 26 31 46 14 38 18 28 28 28 48 13 39 27 44 34 44 38 29 16 16 42 37 45 10 45 12 25
16 23 19 42 40 31 20 50 50 50 45 33 17 14 47 32 47 30 47 10 12 47 47 11 14 13 30 36 13 29 37 14 32 34 12 13 47 19 34 23 13 48 50 12
