TAMANOS
21 29 43

DEMANDAS
27 53 79 64 20 68 54 70 51 24 79 45 46 20 43 78 34 20 48 55 48 69 21 73 67 35 71 70 42 49 37 33 72 39 21 34 74 21 33 38 54 40 50

CAP_PLANTAS
208 214 209 213 230 183 206 232 159 244 186 241 226 239 239 233 200 202 173 208 206

CAP_CD
112 196 155 124 132 113 201 156 145 196 178 117 193 160 168 150 124 108 157 159 177 190 173 175 204 172 191 119 126

costosFij
5894 13615 7062 9535 14324 14059 8315 11004 12509 10314 10642 8205 7637 11813 8499 9709 5972 11609 5141 11445 7407 14242 5501 11534 13881 13938 12162 14212 7910

maxCD
20

costosPC
40 11 10 48 34 12 49 46 21 37 18 45 43 45 36 33 15 30 49 30 37 24 13 10 26 10 10 27 28
19 20 10 23 24 34 36 23 20 31 46 47 32 50 40 35 38 45 35 24 16 40 31 13 33 28 43 46 25
24 18 22 23 45 28 28 48 27 25 49 43 27 21 21 48 24 14 32 35 13 39 24 42 18 11 12 31 22
49 45 37 21 38 45 32 22 33 19 50 34 50 41 38 22 41 37 14 30 46 38 34 30 22 27 21 33 42
25 22 19 19 26 47 22 44 10 12 39 20 10 44 46 16 38 34 14 38 42 42 25 47 34 18 40 10 46
47 16 20 22 42 36 39 12 25 38 41 28 47 14 12 14 24 29 28 12 17 42 40 36 35 31 39 11 21
10 43 20 12 43 35 35 23 25 37 36 11 48 38 34 43 33 38 39 19 28 41 18 36 35 27 33 22 44
32 50 47 50 30 10 32 21 18 10 39 49 24 31 10 17 13 44 46 46 24 11 31 41 46 25 40 36 34
38 46 11 10 38 20 19 10 45 34 18 43 11 46 15 49 28 39 10 23 44 35 11 10 28 23 31 25 13
24 27 48 31 41 36 16 47 40 12 16 34 34 10 16 14 46 40 30 40 19 11 42 45 10 28 28 22 41
29 19 42 45 11 36 46 34 29 23 29 17 31 18 36 46 32 13 18 33 12 35 20 41 17 36 33 48 32
23 40 24 13 49 44 50 13 11 49 12 41 27 23 28 49 20 44 38 17 36 29 39 49 19 45 47 41 13
40 43 44 44 14 30 46 16 48 43 27 17 43 16 12 30 22 13 29 42 12 23 20 25 19 29 36 15 14
29 36 33 37 36 35 38 34 48 23 47 17 49 41 43 23 41 36 25 41 34 28 41 46 27 26 13 38 25
39 33 25 19 13 21 28 34 50 40 30 28 42 50 19 31 47 24 24 10 23 11 18 50 37 42 26 39 30
19 27 24 23 15 21 23 31 41 26 20 29 32 27 20 11 28 33 33 26 27 21 27 10 24 39 50 10 38
27 16 22 36 41 43 29 32 16 35 27 15 23 28 12 35 10 36 44 31 20 12 38 48 26 16 32 42 40
19 20 45 11 34 25 44 14 41 28 48 24 30 19 14 14 10 19 46 37 16 37 10 15 33 24 17 23 21
35 24 41 15 36 12 12 45 23 13 22 36 45 48 18 19 47 13 29 47 15 18 42 16 43 19 40 23 11
31 31 30 34 22 19 47 17 42 13 34 18 40 14 13 39 24 50 47 27 14 13 46 46 21 45 46 39 23
11 15 50 21 20 25 44 23 49 16 17 28 35 27 25 12 25 17 30 42 20 25 34 28 42 17 40 45 38

costosCZ
27 23 16 39 34 47 16 28 14 31 42 48 16 40 40 41 49 28 19 27 20 30 12 25 50 19 22 37 39 32 37 50 10 18 28 40 24 37 47 10 14 21 35
23 14 11 15 34 48 37 27 10 37 42 50 32 25 46 19 42 47 47 43 34 35 11 48 46 29 22 36 21 24 25 41 27 24 27 45 37 17 40 14 36 12 19
44 14 38 24 48 42 49 19 49 42 14 50 19 23 10 13 18 28 25 44 24 48 42 46 13 38 30 14 44 17 36 20 45 17 19 22 45 33 15 36 45 31 32
29 26 37 18 41 12 33 32 37 49 19 39 26 29 46 35 24 37 46 47 11 10 17 19 12 22 45 23 21 22 19 14 38 14 31 38 18 28 19 47 46 31 38
15 44 20 28 28 23 45 46 25 37 40 22 11 48 36 42 25 31 44 19 45 20 33 27 42 45 10 36 32 31 49 32 43 18 36 38 41 24 14 37 17 46 50
47 32 37 38 28 34 46 32 28 33 50 31 40 33 15 18 23 28 27 19 13 16 21 43 48 13 11 37 10 17 45 39 20 23 12 15 17 15 50 13 12 31 21
37 19 43 26 25 38 45 46 32 13 19 31 50 33 26 35 22 21 15 47 10 14 14 35 38 12 32 12 16 37 42 13 14 24 38 36 44 26 15 21 15 34 30
43 35 24 14 23 34 24 26 10 39 19 31 34 28 42 19 40 16 27 41 33 27 23 29 42 35 25 24 10 33 28 10 47 22 28 38 40 16 18 50 20 48 21
37 39 15 33 40 36 25 22 43 25 29 43 39 32 34 14 46 32 19 47 27 14 38 49 44 17 21 33 36 31 24 12 24 31 29 39 13 11 35 49 41 29 32
20 30 21 37 45 21 34 45 41 37 30 47 24 26 16 14 46 24 49 47 41 11 26 12 37 50 35 32 29 31 37 43 14 20 36 32 24 14 35 32 32 43 21
20 21 13 14 16 31 26 31 17 38 46 35 31 42 25 20 36 12 47 49 38 45 34 27 21 32 20 11 36 39 14 29 28 28 37 36 15 45 32 47 21 41 45
15 12 45 13 39 16 44 22 23 21 25 28 34 36 40 38 33 21 36 27 38 27 33 17 22 22 29 41 25 34 12 29 21 10 11 43 19 16 50 37 32 21 18
44 26 20 16 16 49 45 31 48 32 11 40 38 32 17 45 23 21 48 17 37 14 38 26 24 30 16 41 27 23 23 43 46 47 14 24 35 38 15 24 49 31 18
39 41 17 49 23 43 48 32 45 47 27 28 25 36 49 41 37 13 49 29 17 11 37 50 36 38 35 20 20 44 23 29 32 26 39 49 32 24 27 33 23 22 16
50 27 14 46 28 50 14 41 36 25 29 37 35 39 29 49 11 13 50 49 36 48 33 26 50 28 11 13 48 23 23 21 26 13 22 29 47 36 29 12 13 31 23
17 32 34 27 44 35 37 46 12 10 40 11 46 33 37 21 11 31 31 13 20 49 40 16 38 18 15 41 18 26 14 13 32 40 31 32 22 10 14 36 28 45 50
39 45 26 42 21 17 33 45 44 14 20 50 24 35 30 50 18 47 49 44 13 17 30 19 46 25 31 18 16 26 43 39 40 26 26 15 23 18 32 10 38 29 41
26 43 17 15 21 40 36 21 30 31 45 33 30 12 12 26 20 50 25 30 30 15 37 38 32 38 50 45 12 47 23 41 46 13 36 50 48 29 24 26 42 22 31
43 11 45 30 31 44 17 33 35 11 45 29 34 41 35 49 16 21 49 29 23 42 33 11 34 19 15 43 42 49 17 40 19 11 41 35 42 31 28 11 13 39 42
34 44 34 43 28 35 22 33 33 24 50 37 48 42 47 42 39 41 22 44 38 44 50 32 38 27 25 39 50 44 36 16 24 19 39 37 45 40 14 17 45 44 38
28 35 28 15 43 23 22 24 45 14 20 22 33 42 31 40 36 13 15 33 46 42 29 40 14 43 43 46 39 14 33 12 50 15 43 49 40 10 42 34 32 28 10
16 38 37 18 50 48 20 16 14 43 49 37 39 50 32 18 42 31 21 11 35 31 30 21 28 12 40 12 47 20 28 24 24 13 47 30 30 36 47 33 40 11 32
15 29 18 17 38 16 38 43 45 14 34 36 39 44 29 32 14 32 43 17 24 12 20 39 12 49 41 16 20 23 47 31 44 11 12 21 21 38 21 47 32 29 36
10 40 34 42 24 23 28 28 16 44 45 26 35 29 38 37 24 12 49 36 37 40 25 22 23 18 37 33 49 18 39 14 10 50 19 12 46 25 25 30 25 46 21
31 39 50 12 12 29 37 46 12 18 38 24 45 10 16 38 45 45 25 46 21 32 33 42 26 49 39 16 42 30 45 45 34 36 27 18 48 14 18 45 27 22 27
50 33 34 46 41 32 39 13 47 39 23 32 10 39 44 42 27 32 47 40 27 46 16 19 35 25 37 17 30 21 24 48 24 11 43 37 21 24 36 13 43 17 23
18 11 14 46 39 45 12 17 20 25 20 31 11 17 40 23 47 22 47 15 45 19 13 19 19 13 31 13 20 34 49 34 25 26 15 24 42 14 33 16 33 37 43
16 42 29 16 16 32 12 28 46 11 27 48 39 14 14 38 30 21 42 43 48 47 24 43 10 15 45 17 49 25 14 13 11 24 15 29 24 25 41 26 23 23 44
47 13 17 23 39 45 16 26 28 16 36 17 38 31 36 19 24 43 18 35 31 39 30 47 41 16 42 15 43 37 47 21 37 18 29 10 34 25 14 14 27 47 12
