TAMANOS
3 9 11

DEMANDAS
35 40 55 26 48 27 23 29 76 71 73

CAP_PLANTAS
280 282 293

CAP_CD
166 116 180 96 83 142 104 116 143

costosFij
8329 13896 9886 14166 13604 6512 6604 13162 13184

maxCD
1

costosPC
30 49 48 37 26 35 37 41 45
14 33 49 23 20 11 39 38 49
18 21 50 31 36 24 27 18 17

costosCZ
16 42 18 14 48 48 36 31 36 35 44
32 35 17 35 17 34 21 11 33 39 40
28 30 43 40 38 37 10 26 46 34 25
50 22 40 12 24 30 24 21 21 22 50
14 38 39 45 18 50 42 28 34 50 36
16 31 37 49 38 33 15 12 29 47 41
49 43 22 38 23 30 39 11 30 48 13
47 10 14 42 38 37 41 10 12 33 42
37 36 13 37 15 22 31 22 46 46 12
