TAMANOS
4 9 10

DEMANDAS
59 70 65 43 80 32 59 78 24 74

CAP_PLANTAS
219 282 316 224

CAP_CD
177 141 101 112 117 179 145 170 165

costosFij
14162 9243 10119 6594 6176 12929 14149 14474 5201

maxCD
5

costosPC
50 16 16 48 40 47 49 14 45
27 44 30 11 47 49 11 31 36
22 49 42 50 10 21 33 11 15
38 28 25 13 46 42 48 34 26

costosCZ
50 31 19 24 34 43 11 31 32 13
17 24 25 15 11 12 14 36 22 10
50 38 32 26 15 22 34 36 48 20
40 47 30 29 19 49 38 16 49 29
38 38 28 17 49 31 15 15 16 48
25 14 23 36 34 12 36 46 45 33
15 13 47 19 29 31 31 47 20 34
31 25 39 40 21 24 47 31 45 45
29 47 31 35 10 22 27 11 43 27
