TAMANOS
7 7 14

DEMANDAS
62 37 47 37 26 75 40 43 78 42 75 58 46 55

CAP_PLANTAS
179 183 183 159 190 156 172

CAP_CD
191 219 161 254 195 238 186

costosFij
13136 13339 14696 13530 7909 12668 6937

maxCD
2

costosPC
38 24 49 34 32 23 43
36 25 22 20 34 42 13
18 16 49 44 27 27 16
27 29 10 37 22 24 45
35 48 22 42 21 27 17
25 46 47 24 42 42 14
20 27 27 26 21 27 25

costosCZ
38 33 27 40 12 30 42 42 27 42 33 35 24 22
16 31 21 16 17 23 48 10 20 14 35 42 26 48
23 39 13 17 14 39 15 11 14 26 31 45 28 20
11 45 42 12 32 12 31 14 48 47 44 50 29 44
50 23 32 24 22 35 30 30 27 19 21 25 17 22
37 25 19 28 27 13 29 23 25 38 33 20 43 49
27 36 23 47 26 42 40 31 22 46 28 17 32 49
