TAMANOS
5 11 12

DEMANDAS
43 50 50 67 39 73 49 61 58 72 34 59

CAP_PLANTAS
261 266 287 261 248

CAP_CD
98 125 129 152 135 117 132 172 143 167 140

costosFij
12350 8748 6932 14862 14385 13462 14594 12263 11784 12544 8642

maxCD
1

costosPC
16 44 10 39 12 43 33 16 26 20 14
48 20 47 16 49 38 22 29 19 33 27
50 18 12 26 48 19 44 19 15 21 27
48 19 18 11 40 35 42 19 22 46 16
17 43 39 40 20 37 46 42 31 15 28

costosCZ
42 13 36 45 16 48 21 28 30 36 36 46
20 10 15 17 43 40 26 35 48 50 48 43
40 10 23 45 18 37 13 48 36 13 33 48
45 40 45 33 34 23 27 10 31 26 16 45
45 26 20 31 39 47 33 23 43 17 46 10
39 39 11 28 17 49 33 10 13 41 27 21
45 24 17 16 46 47 31 39 23 19 23 44
35 22 14 39 14 38 30 40 19 37 41 44
39 21 13 22 26 40 40 21 18 22 17 30
31 18 23 25 42 10 12 23 40 15 30 41
40 38 35 24 50 15 14 30 28 43 36 47
