TAMANOS
4 9 11

DEMANDAS
63 67 64 25 36 78 55 27 77 48 61

CAP_PLANTAS
257 300 260 308

CAP_CD
191 146 148 192 134 160 184 110 126

costosFij
7087 9567 13538 10241 14166 13634 11024 10856 8396

maxCD
3

costosPC
34 50 13 34 29 11 42 11 25
26 45 12 33 29 39 48 12 41
15 45 33 46 12 27 15 41 36
24 25 13 30 35 45 27 10 28

costosCZ
31 20 47 23 35 35 34 38 13 25 39
19 12 25 28 48 22 47 32 38 42 17
35 37 50 13 36 15 23 31 22 17 15
25 35 18 29 22 30 14 36 45 13 41
20 13 33 20 17 44 25 30 34 43 18
11 14 13 44 26 24 20 34 21 10 24
42 34 24 26 18 50 24 30 38 15 40
49 45 28 36 25 39 36 36 16 35 48
20 14 17 36 29 32 36 15 38 10 40
