TAMANOS
14 12 30

DEMANDAS
25 32 20 74 69 79 50 52 70 38 61 66 25 39 28 79 79 37 79 21 58 43 33 69 76 60 79 32 55 40

CAP_PLANTAS
217 211 247 214 170 172 253 245 179 215 210 178 185 231

CAP_CD
222 229 252 214 257 250 257 216 239 221 221 272

costosFij
8400 12862 13776 5713 12216 13294 7225 11629 10777 11733 6964 12711

maxCD
7

costosPC
45 16 43 45 35 27 16 19 48 50 12 47
38 50 21 34 19 19 33 34 22 33 31 28
18 36 29 25 25 21 31 19 23 31 20 46
37 37 43 42 12 18 32 38 32 14 29 15
44 45 32 26 23 47 30 22 39 19 31 19
23 31 16 10 35 34 48 15 47 44 21 27
34 16 32 32 30 50 25 17 32 31 26 42
44 26 30 14 22 26 20 41 40 25 48 29
17 37 34 23 28 17 18 43 42 30 50 15
30 39 11 49 30 35 28 11 14 11 39 27
22 46 27 16 44 28 16 23 38 21 48 10
24 13 18 30 25 47 13 39 27 30 38 20
15 40 36 42 31 15 11 21 12 18 31 49
41 47 48 44 33 23 43 14 12 24 42 23

costosCZ
27 36 18 43 15 13 40 42 41 22 36 43 21 23 19 38 16 28 45 28 21 44 25 48 14 33 47 19 16 22
16 22 10 15 32 20 14 35 36 48 38 28 48 34 13 44 25 32 23 29 11 23 28 35 40 43 20 49 31 34
22 12 12 41 29 28 39 33 31 50 23 22 18 36 38 33 19 50 14 41 17 23 22 30 50 19 36 28 14 18
15 42 13 22 40 24 49 38 40 35 47 14 48 39 11 10 49 39 23 39 29 11 39 20 49 42 25 19 37 24
21 23 36 12 14 19 35 28 42 26 21 46 48 40 28 39 37 27 35 38 22 31 41 43 23 39 30 24 37 32
47 46 20 19 12 21 47 22 30 42 15 50 17 14 50 27 44 49 46 27 35 27 48 17 42 48 46 27 50 40
22 41 33 28 41 30 17 14 15 22 22 44 39 14 21 18 15 32 10 49 26 43 39 21 43 38 26 34 15 35
30 16 46 22 11 33 15 18 38 12 37 41 43 41 16 50 46 13 25 16 47 16 38 22 48 45 42 44 27 17
43 20 37 31 39 25 22 14 12 30 39 36 23 20 16 14 47 20 26 29 21 44 22 17 42 20 45 45 26 23
44 12 15 22 36 48 50 37 25 25 27 19 36 43 24 36 38 37 28 47 12 46 39 26 19 36 30 49 22 33
24 48 30 18 42 29 32 15 31 48 30 31 48 30 11 48 28 32 12 36 33 40 41 47 49 15 27 45 18 21
31 20 10 27 44 27 40 12 41 37 35 26 31 32 18 23 19 13 13 47 29 20 16 11 17 22 15 29 37 48
