TAMANOS
16 24 27

DEMANDAS
66 79 48 44 50 50 66 72 56 66 37 79 44 29 48 74 50 24 76 21 63 33 53 73 33 54 67

CAP_PLANTAS
173 204 157 167 210 204 234 183 232 214 140 136 205 235 154 195

CAP_CD
174 150 170 178 167 147 122 159 185 189 140 158 144 141 130 148 188 176 91 125 112 158 116 115

costosFij
14560 13836 8652 13184 12872 12647 6258 11653 11424 14547 5958 8483 5061 5155 5259 13040 14243 14049 8682 11899 9287 9231 13128 12172

maxCD
22

costosPC
41 35 23 42 29 16 30 14 44 40 24 26 19 21 47 25 34 29 25 27 15 35 25 13
37 32 22 23 29 27 45 13 42 50 49 15 36 40 18 43 30 27 10 27 16 24 45 20
27 50 38 43 18 37 49 46 30 42 25 24 15 36 10 14 33 24 29 20 50 27 38 15
44 46 21 37 30 50 35 50 44 41 16 27 38 36 10 23 38 10 22 40 11 21 40 10
33 34 39 46 39 36 17 28 11 15 13 32 11 31 10 30 42 23 23 31 39 45 15 29
18 35 48 12 21 41 17 35 44 15 42 24 20 33 11 20 44 38 18 34 44 11 16 33
23 37 11 24 44 20 30 50 39 21 12 22 24 17 38 38 25 42 23 50 49 35 32 24
19 12 31 48 13 15 18 47 49 36 22 30 50 41 38 45 23 26 27 38 34 49 49 42
49 42 35 16 49 37 29 25 41 12 46 47 36 10 12 19 26 12 23 15 24 41 18 36
37 49 43 36 31 33 22 25 29 43 31 49 11 43 30 21 47 12 36 37 39 45 39 13
34 29 22 30 47 35 46 22 26 38 29 21 14 24 50 23 48 34 45 41 17 38 17 27
49 30 12 24 39 30 47 49 36 43 11 49 39 41 39 47 45 46 22 13 12 23 21 18
18 49 17 18 34 14 26 20 31 39 50 47 13 33 30 31 50 46 11 20 12 34 30 26
16 44 23 38 31 34 48 11 40 12 48 25 32 30 48 28 42 13 39 18 44 15 29 15
43 42 19 13 25 26 34 30 36 46 17 32 40 27 23 25 23 26 15 22 33 33 24 40
27 19 50 48 25 21 46 49 27 30 16 22 46 37 11 30 40 20 31 11 15 15 18 26

costosCZ
24 48 49 39 38 30 23 42 32 37 24 44 29 22 28 46 17 21 33 24 30 40 26 17 18 22 24
50 14 15 16 13 33 16 49 16 47 13 46 33 21 42 23 31 32 41 30 22 49 26 22 18 15 24
32 20 30 36 23 46 41 40 13 41 13 28 50 41 49 37 48 31 34 14 15 44 38 10 49 22 11
50 28 45 32 22 34 10 27 44 26 32 14 17 22 17 24 39 15 13 33 32 30 30 16 28 42 44
18 24 28 18 24 32 11 16 15 40 43 25 35 32 29 47 49 48 26 11 19 49 49 41 39 26 23
25 30 42 39 39 24 19 37 25 43 49 16 21 32 48 45 18 34 11 33 47 49 10 49 15 19 26
16 31 28 18 37 26 25 22 23 21 15 30 10 17 21 48 32 13 10 18 41 28 15 24 48 34 32
50 16 22 35 39 23 34 25 46 40 18 24 20 37 36 48 27 28 13 11 40 23 14 21 20 21 21
36 26 16 18 17 39 41 36 23 13 23 38 33 22 45 22 35 34 16 44 43 21 17 21 24 23 42
42 18 22 31 49 33 15 15 35 13 44 36 31 14 18 50 15 12 27 10 36 21 20 50 18 13 38
34 32 23 31 14 39 47 37 30 25 36 31 33 12 41 38 22 50 34 26 49 44 43 31 20 30 49
38 38 24 44 45 10 16 25 24 20 26 31 15 17 21 20 27 35 41 42 40 31 40 23 15 15 14
34 21 46 27 36 20 47 21 33 34 13 22 13 37 10 25 37 48 25 10 46 20 17 36 30 35 35
42 48 30 41 33 21 36 20 41 36 45 33 30 50 46 27 18 27 50 50 36 50 40 16 37 36 37
48 22 33 40 13 42 38 12 47 29 48 40 31 40 39 40 38 13 32 27 11 36 33 39 37 20 46
11 48 13 25 41 17 22 43 26 24 17 10 28 27 25 33 45 45 45 17 12 21 28 50 19 41 11
23 45 12 45 44 14 20 49 11 48 20 32 41 41 31 13 39 27 39 22 24 29 31 47 12 47 10
16 35 49 30 17 22 35 23 47 23 42 48 19 31 42 12 25 28 28 43 11 34 10 43 35 13 29
11 18 50 13 28 40 24 11 17 42 41 28 48 23 21 11 13 27 17 18 32 33 10 36 47 32 45
32 29 24 40 23 24 39 35 10 38 16 41 12 12 21 16 50 30 17 49 19 28 34 33 40 26 46
26 43 12 34 23 27 14 49 20 17 35 45 49 31 18 30 39 38 25 13 27 17 19 49 33 13 48
33 43 20 18 10 22 32 46 27 43 23 20 50 25 13 44 21 40 29 12 14 31 47 32 42 49 44
24 35 21 13 44 35 32 10 35 46 45 15 24 27 16 25 10 43 34 25 12 47 43 33 32 39 29
35 41 16 16 20 49 37 18 19 43 45 19 43 28 23 48 14 27 26 22 39 43 48 16 41 30 16
