TAMANOS
20 12 29

DEMANDAS
32 60 66 72 71 73 56 22 76 28 40 62 65 26 76 41 60 34 39 77 47 62 52 35 51 28 47 29 57

CAP_PLANTAS
211 202 193 205 147 113 180 202 187 192 171 190 210 141 210 125 125 150 122 159

CAP_CD
232 200 187 265 264 251 226 215 221 218 224 228

costosFij
5317 11976 13977 13437 14669 11873 14268 11360 13442 6200 8940 14831

maxCD
6

costosPC
23 26 12 43 21 29 11 47 16 44 32 47
41 25 31 33 25 28 16 43 40 45 16 16
20 30 24 18 20 36 23 26 29 19 44 40
37 29 42 34 30 32 47 41 42 21 41 42
34 39 43 48 10 36 20 32 16 21 26 36
44 48 48 28 38 29 30 20 50 21 37 19
39 13 43 26 41 21 15 14 41 10 31 35
27 17 45 33 44 16 34 23 22 11 22 50
32 41 27 18 21 44 11 32 25 50 35 13
18 32 24 44 25 48 36 47 22 32 42 38
48 40 45 28 12 20 11 50 44 24 41 37
45 18 41 21 23 24 40 20 12 14 30 17
16 21 27 33 25 13 17 10 27 28 23 43
39 33 24 39 33 19 25 41 13 18 30 13
10 20 46 25 47 37 29 24 27 10 12 23
38 16 25 31 12 16 34 24 21 49 43 47
39 50 50 16 44 13 15 48 31 47 29 42
32 33 27 39 24 10 27 16 13 36 32 46
19 15 23 25 37 40 13 13 44 27 24 25
37 15 28 41 43 19 35 21 34 37 23 28

costosCZ
30 37 37 34 30 44 26 31 44 26 10 41 26 26 47 17 28 22 11 35 17 35 11 32 27 43 38 39 36
14 30 40 41 48 39 46 40 35 14 27 38 11 28 23 13 12 28 36 28 14 42 12 36 33 23 39 40 23
20 16 47 21 31 26 39 37 42 12 36 24 15 34 35 33 33 46 11 10 11 18 48 29 15 49 21 37 44
25 21 25 27 33 29 31 33 45 37 29 45 48 31 17 26 22 44 20 11 40 30 12 43 10 25 14 13 20
13 23 31 20 29 32 17 17 30 16 14 39 15 48 25 22 46 25 39 50 11 38 29 20 15 44 17 37 20
11 24 25 41 13 10 16 12 41 29 48 23 44 33 36 43 43 39 32 11 35 22 18 31 10 19 16 43 16
42 16 39 12 25 28 13 16 42 15 33 39 45 12 31 43 10 23 12 40 24 12 49 43 49 46 42 46 12
20 42 23 41 41 24 42 35 29 29 18 33 14 34 33 32 27 17 46 43 19 48 42 21 27 22 50 21 12
40 19 17 20 27 20 31 37 48 25 19 27 43 49 27 47 31 45 10 42 15 50 27 26 35 18 33 45 23
15 50 36 22 23 14 24 23 11 38 26 19 34 41 22 10 23 21 45 12 24 11 49 24 10 28 19 48 11
22 38 44 36 22 12 24 20 44 40 40 44 44 36 19 39 17 24 18 19 11 32 44 39 14 45 10 39 28
48 47 39 13 10 32 44 36 13 48 27 18 22 40 30 31 44 36 46 16 12 49 30 36 25 47 10 42 15
