TAMANOS
15 24 28

DEMANDAS
22 23 46 25 33 54 75 33 74 44 35 25 38 24 70 51 40 22 60 67 56 35 31 58 74 73 53 75

CAP_PLANTAS
139 163 188 147 154 223 150 169 132 162 230 143 205 140 169

CAP_CD
134 140 174 119 153 178 172 178 166 145 182 158 168 151 164 98 154 182 110 136 148 114 131 172

costosFij
8802 8542 14785 8570 8922 14169 11398 14577 7690 5300 14397 11288 13347 10553 8183 11574 6657 6847 13419 10715 11894 13213 6578 12834

maxCD
20

costosPC
19 45 26 47 39 35 31 36 48 21 21 24 44 32 33 28 31 21 10 20 39 13 23 27
10 30 28 45 16 29 40 30 35 21 10 27 18 30 43 46 25 42 25 38 27 47 16 27
28 27 41 45 35 49 11 42 31 42 48 19 46 34 39 33 33 23 35 16 41 41 30 39
36 34 24 11 39 23 42 36 39 39 41 46 26 50 49 10 15 11 30 46 39 37 44 32
45 24 13 46 28 45 14 17 27 12 22 48 10 42 41 40 36 20 45 21 27 45 16 12
10 33 24 12 45 43 47 45 42 20 49 32 46 18 20 13 32 45 11 29 38 25 47 48
22 31 48 21 38 37 21 36 35 39 18 26 47 16 29 22 12 34 33 46 20 14 41 38
28 10 16 36 28 30 16 30 45 31 20 13 47 10 18 38 28 22 14 40 23 14 46 40
39 18 24 20 19 31 26 25 46 30 48 31 19 43 32 25 39 14 38 12 50 40 11 21
35 34 38 19 25 25 31 35 15 35 44 21 31 16 43 16 36 48 38 47 12 49 26 31
28 15 50 12 36 44 15 13 41 46 38 45 37 17 28 22 49 20 40 48 50 37 44 14
32 18 45 44 49 43 14 44 29 31 17 24 18 29 24 34 27 50 30 15 12 45 40 44
42 12 16 43 31 43 20 19 47 26 11 44 27 37 13 21 48 15 48 43 28 22 27 37
49 48 33 44 31 43 16 39 16 12 17 36 17 13 24 39 27 18 38 38 34 31 10 39
31 39 46 44 30 44 14 14 16 43 15 10 27 49 36 25 26 38 29 36 36 43 11 36

costosCZ
14 32 41 35 18 47 11 31 27 48 18 37 19 28 34 50 22 47 41 34 39 49 22 13 32 46 25 44
31 35 14 45 18 21 20 44 19 50 47 14 25 15 18 40 28 49 15 35 30 33 11 47 16 35 20 13
24 13 34 26 15 40 33 41 20 43 46 15 33 17 29 44 34 37 16 11 19 40 16 25 50 11 38 12
29 37 50 29 39 20 37 49 47 29 14 12 18 29 12 47 28 35 13 43 11 22 28 37 10 22 43 25
40 24 25 27 39 49 39 39 37 36 29 44 25 18 46 28 13 11 15 27 12 45 42 36 35 17 12 25
47 18 16 17 18 17 16 43 50 16 34 22 11 40 25 27 25 18 20 21 16 24 43 20 25 37 31 47
19 45 27 46 13 32 23 21 38 47 34 24 44 34 38 22 46 43 41 45 37 31 40 16 11 46 10 31
37 46 11 27 11 19 40 47 11 10 43 50 16 36 36 37 30 29 35 31 34 12 48 44 13 43 40 31
37 49 25 12 44 11 36 47 31 12 47 27 30 15 28 12 46 40 46 18 21 28 30 20 23 31 12 21
23 45 17 49 47 30 19 33 20 26 48 43 28 10 25 39 47 12 20 29 31 15 44 46 22 14 49 39
15 26 24 42 14 45 35 35 25 37 17 13 35 12 16 26 47 28 35 27 44 35 36 18 43 11 42 34
39 40 50 30 12 34 47 22 48 33 34 14 27 32 35 31 46 49 36 49 25 13 14 23 16 31 28 28
49 14 33 31 20 31 16 32 18 15 43 21 48 31 21 20 29 22 28 11 45 30 47 31 11 28 23 28
50 27 30 41 15 50 39 25 15 36 38 32 28 21 29 45 27 12 11 25 37 15 25 42 27 48 35 48
36 22 33 38 38 32 15 44 21 44 14 25 28 25 33 49 43 30 24 29 13 19 40 13 17 18 34 15
12 15 43 24 27 21 28 25 35 36 35 20 46 29 19 25 28 12 21 30 50 15 33 30 24 22 21 25
18 23 15 45 20 36 36 33 39 26 37 13 14 11 42 45 10 37 24 11 47 27 31 11 46 36 24 44
25 32 36 32 43 32 19 47 35 22 42 36 16 44 19 27 38 21 41 42 25 49 24 21 25 46 32 32
44 22 14 42 36 41 36 25 48 42 45 48 39 45 46 18 26 35 43 22 13 18 27 37 44 50 34 22
24 17 41 21 38 37 33 32 34 37 21 35 15 43 46 47 27 22 27 36 10 28 50 25 13 32 39 14
22 10 42 33 19 23 13 26 25 28 23 40 17 44 31 33 45 49 28 43 17 17 30 35 18 36 25 32
36 27 34 42 28 40 23 28 29 10 18 42 24 23 25 44 24 41 12 47 38 25 10 44 22 49 31 19
41 46 27 39 11 11 50 27 44 13 43 18 49 33 14 18 48 31 24 18 41 42 34 41 38 17 47 13
16 38 46 20 13 20 47 22 29 39 40 33 47 15 15 28 50 20 50 19 15 29 48 12 42 14 33 46
