TAMANOS
19 12 19

DEMANDAS
72 67 29 41 25 34 31 23 35 50 52 53 76 34 56 68 37 53 33

CAP_PLANTAS
152 150 138 153 134 161 155 74 129 75 128 127 77 93 117 92 154 75 162

CAP_CD
205 128 135 185 148 136 172 129 163 162 201 153

costosFij
14383 10847 8015 10365 5951 13665 5133 10685 10327 7647 10663 14007

maxCD
4

costosPC
35 25 41 16 16 20 38 33 10 26 39 25
50 37 36 13 43 34 47 49 47 16 16 39
13 31 42 22 11 48 35 11 33 18 47 22
14 25 26 35 26 47 12 21 14 27 11 18
40 47 30 41 22 48 28 37 44 45 17 31
41 10 43 34 11 43 30 40 25 20 31 30
17 38 37 36 38 45 41 12 14 30 22 38
36 13 27 36 32 23 47 21 50 13 25 35
26 49 16 45 25 44 35 23 27 32 39 49
36 34 13 15 13 23 25 25 48 46 24 42
42 42 40 33 35 39 44 41 41 27 46 41
23 30 37 22 22 31 39 46 19 35 20 41
31 49 49 24 32 30 39 14 13 22 38 23
37 27 46 42 38 36 50 26 24 32 46 14
43 29 18 26 36 29 45 29 28 37 34 20
29 23 17 37 39 44 25 26 14 20 24 10
20 43 24 33 13 32 35 19 36 31 10 47
35 20 39 32 50 30 10 28 46 10 22 50
28 17 30 28 14 37 24 16 15 28 28 20

costosCZ
31 48 22 19 11 11 41 10 23 17 44 12 10 28 28 30 50 33 50
20 47 41 22 39 22 29 15 38 13 26 36 40 36 30 49 15 37 29
28 32 11 42 23 42 36 22 11 34 49 46 22 39 45 31 30 42 43
46 47 20 13 28 40 13 17 39 39 21 27 35 22 20 16 33 22 46
33 44 41 16 43 16 14 45 46 41 14 10 26 10 23 20 29 44 24
23 27 23 14 32 36 43 42 34 35 32 39 14 27 13 27 29 40 50
18 21 23 28 24 31 17 12 49 22 32 48 50 10 24 18 49 13 31
21 39 14 50 32 42 41 13 44 46 28 37 27 22 16 22 18 15 39
21 15 40 23 20 21 39 22 33 22 22 25 34 19 12 49 44 18 47
13 18 42 36 45 27 47 31 42 46 12 15 23 45 10 47 38 24 19
30 33 32 16 20 29 16 32 38 45 10 31 12 46 24 43 44 18 50
36 23 44 43 16 26 13 43 26 34 29 39 37 13 26 13 32 24 33
